135. YAM, ordinary 17 9.0 237 0.12 0.12 0.45 0.016
136. YAM, wild 34 11.0 450 0.16 35 29 
139. BITTER GOURD (white) 36 17.8 152 0.10 0.08 0.46 0.00ti 15 8
140. BITTER GOURD (green) 33 2.4 171 0.09 0.08 0.39 0.005 21 8
141. BOTTLE GOURD 26 1.8 87 0.03 0.06 0.22 0.046 10 5
142. BRINJAL 15 3.0 200 0.12 0.13 0.22 0.007 44 52
143. BROAD BEANS 33 43.5 39 0.17 53 43
144. CAULIFLOWER 18 53.0 138 0.13 0.10 0.40 0.003 231 34
146. CLUSTER BEANS 47 0.08 0.10 0.36 0.004
149. CUCUMBER 14 10.2 50 0.09 0.14 0.070 0.23 0.002 17 15
151. DRUM STICK 28 259 0.01 0.05 0.16 0.003 137 423
153. FIELD BEANS, tender 17 55.4 74 0.10 0.12 0.40 0.004 40 31
155. FRENCH BEANS 38 4.3 120 0.06 0.12 0.020 0.42 0.006 37 10
157. GIANT CHILLIES 12 0.12 0.06 0.13 0.006
158. JACK FRUIT, tender 35.0 328
159. JACK FRUIT, seeds 54 63.2 246 0.19 356 14
164. KOVAi 36 0.07 0.22 0.26 0.004
165. KNOL-KHOL 33 112.0 37 0.05 0.11 0.24 0.019 143 67
166. tADIES FINGERS 53 6.9 103 0.11 0.15 0.42 0.0C5 30 41
169. LOTUS STEM, dry 168 438.0 3007 1.22 258 444
170. MANGO, green 16 43.0 83 0.03 0.07 0.07 0.050 15 2
171 . ONION STALKS 104 2.2 109 0.45 0.74 2.29 0.039 33 7
172. PAPAYA, green 23.0 216
173. PARWAR 9 2.6 83 1.11 17 4
174 . PINK BEANS 32.2 117 0.13 182 47
175 : . 'pi!.ANTAIN Mower 54 20.1 185 0.10 68 68
176 . #J>lANTAIN green 13 15.0 193 0.03 0.30 0.05 0.004 15 6
178 PUMPKIN fruit 38 5.6 139 0.05 0.05 0.26 0.005 16 4
180. RIQGE GOURD 32 2.9 50 0.08 0.07 0.38 0.003 14 7
181. 路. SNAKE GOURD 2'8 25.4 34 0.27 0.14 0.31 0.004 35 21
183. SWORD' BEANS 29.0 1800
184. TINDA, tender 14 35.0 24 0.12 44
185-. /,TOMATO, green 路 15. 45.8 路 114 路 0.19 24 38
186 .~ETABLE _ ~~MARROW 13.0' 27.3 94 0.22 11 9
187. ~ WATER CHESTNUT, fresh 72 - 1.31 0.85 1.56 0.011
189. ALMOND 373 - 0.97 1.88 3.57 0.161
190. ARECANUT (raw) 66 - 0.92 1.46 0.81 0.473
ARECANUT (processed) 83 - 2.54 2.83 1.30 0.386
192. CASHEW NUT 349 - 1.66 1.42 5.99 0.163 
